Iter	MSC	MPC	Fit	Refactoring #	Ref Accumulated #	expected coupling	actual coupling	search space	elapsed time	exhaustive space
0	0.2303231262	9.8907563025	0.0232867052	0	0	0	9416	0	0.00
10	0.2298815011	9.7226890756	0.0236438190	1	10	9116	9256	64870	24.47
20	0.2301382205	9.7153361345	0.0236881377	1	20	8941	9249	129740	44.65
30	0.2301705833	9.6428571429	0.0238695420	1	30	8815	9180	194610	64.48
40	0.2305571438	9.6218487395	0.0239618342	1	40	8710	9160	259480	84.34
50	0.2304764098	9.5588235294	0.0241113783	1	50	8613	9100	324350	104.07
60	0.2295177547	9.5094537815	0.0241357453	1	60	8524	9053	389220	122.97
70	0.2294933996	9.4800420168	0.0242080572	1	70	8444	9025	454090	141.41
80	0.2301017571	9.4611344538	0.0243207364	1	80	8371	9007	518960	160.56
90	0.2294752937	9.4443277311	0.0242976843	1	90	8301	8991	583830	179.37
100	0.2293668696	9.3939075630	0.0244165560	1	100	8234	8943	648700	199.85
110	0.2290186987	9.4044117647	0.0243522619	1	110	8173	8953	713570	219.25
120	0.2285616671	9.3581932773	0.0244236959	1	120	8112	8909	778440	238.89
130	0.2295071971	9.3056722689	0.0246631506	1	130	8051	8859	843310	259.04
140	0.2298676946	9.2636554622	0.0248139296	1	140	7995	8819	908180	278.69
150	0.2303031095	9.2268907563	0.0249599909	1	150	7945	8784	973050	296.44
160	0.2304465784	9.2163865546	0.0250040053	1	160	7895	8774	1037920	314.36
170	0.2308898583	9.1995798319	0.0250978700	1	170	7845	8758	1102790	334.01
180	0.2307787010	9.1638655462	0.0251835538	1	180	7804	8724	1167660	352.28
190	0.2311695956	9.1523109244	0.0252580575	1	190	7762	8713	1232530	369.54
200	0.2309069144	9.1186974790	0.0253223572	1	200	7717	8681	1297400	386.65
210	0.2307144438	9.1081932773	0.0253304291	1	210	7677	8671	1362270	403.60
220	0.2296603599	9.0756302521	0.0253051693	1	220	7637	8640	1427140	420.97
230	0.2296841152	9.0693277311	0.0253253738	1	230	7597	8634	1492010	438.31
240	0.2302487429	9.0556722689	0.0254259138	1	240	7557	8621	1556880	455.47
250	0.2304099430	9.0262605042	0.0255266223	1	250	7517	8593	1621750	472.93
260	0.2300057745	9.0021008403	0.0255502331	1	260	7477	8570	1686620	490.54
270	0.2302713729	8.9779411765	0.0256485722	1	270	7437	8547	1751490	509.26
280	0.2306755540	8.9579831933	0.0257508358	1	280	7396	8528	1816360	527.88
290	0.2306771547	8.9338235294	0.0258206527	1	290	7361	8505	1881230	545.73
300	0.2305118995	8.9075630252	0.0258782227	1	300	7330	8480	1946100	564.13
310	0.2305641981	8.8739495798	0.0259821397	1	310	7297	8448	2010970	581.84
320	0.2311685204	8.8508403361	0.0261182568	1	320	7266	8426	2075840	599.90
330	0.2314878674	8.8193277311	0.0262477906	1	330	7236	8396	2140710	618.28
340	0.2314283618	8.8004201681	0.0262974219	1	340	7206	8378	2205580	636.48
350	0.2313856283	8.7783613445	0.0263586356	1	350	7175	8357	2270450	654.18
360	0.2314909411	8.7573529412	0.0264338942	1	360	7144	8337	2335320	671.86
370	0.2316785549	8.7510504202	0.0264743709	1	370	7113	8331	2400190	689.40
380	0.2305226545	8.7352941176	0.0263897988	1	380	7083	8316	2465060	706.45
390	0.2304902058	8.7184873950	0.0264369489	1	390	7053	8300	2529930	724.28
400	0.2303558588	8.7100840336	0.0264470306	1	400	7023	8292	2594800	740.79
410	0.2312591931	8.6848739496	0.0266278123	1	410	6993	8268	2659670	758.74
420	0.2323481893	8.6691176471	0.0268018268	1	420	6962	8253	2724540	776.90
430	0.2324524581	8.6575630252	0.0268496409	1	430	6932	8242	2789410	794.30
440	0.2326176145	8.6313025210	0.0269504648	1	440	6902	8217	2854280	812.82
450	0.2309114518	8.6250000000	0.0267723422	1	450	6882	8211	2919150	830.26
460	0.2295764137	8.6102941176	0.0266630165	1	460	6862	8197	2984020	849.04
470	0.2292902266	8.5934873950	0.0266818599	1	470	6840	8181	3048890	867.22
480	0.2300266900	8.5756302521	0.0268232985	1	480	6820	8164	3113760	885.89
490	0.2296047211	8.5672268908	0.0268003549	1	490	6800	8156	3178630	902.61
500	0.2298180124	8.5409663866	0.0269077294	1	500	6773	8131	3243500	920.88
510	0.2299385020	8.5189075630	0.0269915480	1	510	6749	8110	3308370	938.68
520	0.2296316708	8.5115546218	0.0269788166	1	520	6728	8103	3373240	955.20
530	0.2310255464	8.4978991597	0.0271861953	1	530	6708	8090	3438110	971.52
540	0.2290284419	8.4800420168	0.0270079372	1	540	6688	8073	3502980	988.10
550	0.2289619461	8.4590336134	0.0270671517	1	550	6668	8053	3567850	1005.28
560	0.2293019729	8.4474789916	0.0271444265	1	560	6648	8042	3632720	1021.92
570	0.2292983471	8.4264705882	0.0272116712	1	570	6628	8022	3697590	1039.05
580	0.2291928238	8.4096638655	0.0272535059	1	580	6606	8006	3762460	1056.13
590	0.2304421087	8.3865546218	0.0274775661	1	590	6584	7984	3827330	1073.42
600	0.2308275456	8.3739495798	0.0275649553	1	600	6564	7972	3892200	1091.42
610	0.2304911788	8.3529411765	0.0275940144	1	610	6540	7952	3957070	1109.68
620	0.2310412121	8.3350840336	0.0277191221	1	620	6520	7935	4021940	1126.88
630	0.2288367066	8.3245798319	0.0274892801	1	630	6500	7925	4086810	1144.02
640	0.2281116244	8.3130252101	0.0274402662	1	640	6480	7914	4151680	1160.99
650	0.2278285265	8.2941176471	0.0274686876	1	650	6460	7896	4216550	1178.51
660	0.2284484035	8.2846638655	0.0275748548	1	660	6440	7887	4281420	1194.83
670	0.2287130557	8.2678571429	0.0276629182	1	670	6419	7871	4346290	1210.48
680	0.2282973105	8.2552521008	0.0276547957	1	680	6399	7859	4411160	1227.88
690	0.2266144784	8.2352941176	0.0275174724	1	690	6379	7840	4476030	1244.53
700	0.2276638479	8.2279411765	0.0276696008	1	700	6359	7833	4540900	1261.71
710	0.2300446485	8.2069327731	0.0280305267	1	710	6337	7813	4605770	1279.00
720	0.2308362130	8.1880252101	0.0281919275	1	720	6316	7795	4670640	1298.48
730	0.2322802729	8.1670168067	0.0284412630	1	730	6296	7775	4735510	1319.07
740	0.2326896906	8.1491596639	0.0285538264	1	740	6276	7758	4800380	1338.19
750	0.2337603686	8.1271008403	0.0287630698	1	750	6255	7737	4865250	1356.65
760	0.2340494006	8.1050420168	0.0288770126	1	760	6234	7716	4930120	1375.02
770	0.2347011479	8.0861344538	0.0290251355	1	770	6214	7698	4994990	1391.83
780	0.2349094507	8.0672268908	0.0291189840	1	780	6194	7680	5059860	1408.24
790	0.2339698851	8.0493697479	0.0290668577	1	790	6173	7663	5124730	1425.40
800	0.2337213081	8.0388655462	0.0290739168	1	800	6153	7653	5189600	1443.29
810	0.2336442940	8.0262605042	0.0291099814	1	810	6131	7641	5254470	1461.09
820	0.2335032324	8.0094537815	0.0291534527	1	820	6111	7625	5319340	1480.13
830	0.2325587788	7.9947478992	0.0290889446	1	830	6091	7611	5384210	1499.07
840	0.2310686565	7.9905462185	0.0289177548	1	840	6075	7607	5449080	1515.96
850	0.2313252469	7.9789915966	0.0289917898	1	850	6064	7596	5513950	1533.93
860	0.2313041141	7.9695378151	0.0290235293	1	860	6054	7587	5578820	1551.26
870	0.2303773480	7.9590336134	0.0289453920	1	870	6044	7577	5643690	1568.74
880	0.2311818446	7.9527310924	0.0290694910	1	880	6034	7571	5708560	1586.80
890	0.2309765087	7.9422268908	0.0290820839	1	890	6023	7561	5773430	1605.78
900	0.2314792775	7.9327731092	0.0291801208	1	900	6013	7552	5838300	1623.60
910	0.2312358377	7.9243697479	0.0291803443	1	910	6003	7544	5903170	1640.25
920	0.2319540185	7.9138655462	0.0293098255	1	920	5993	7534	5968040	1657.51
930	0.2321339876	7.9023109244	0.0293754561	1	930	5982	7523	6032910	1675.00
940	0.2320046185	7.8886554622	0.0294099064	1	940	5969	7510	6097780	1692.02
950	0.2313846062	7.8781512605	0.0293704193	1	950	5958	7500	6162650	1709.57
960	0.2320456888	7.8644957983	0.0295054756	1	960	5947	7487	6227520	1726.83
970	0.2321573745	7.8571428571	0.0295473022	1	970	5937	7480	6292390	1743.88
980	0.2323335768	7.8476890756	0.0296053494	1	980	5927	7471	6357260	1761.12
990	0.2308096987	7.8392857143	0.0294426951	1	990	5917	7463	6422130	1778.28
1000	0.2314888624	7.8287815126	0.0295689517	1	1000	5907	7453	6487000	1794.51
1010	0.2310505768	7.8182773109	0.0295526198	1	1010	5897	7443	6551870	1811.02
1020	0.2294475746	7.8077731092	0.0293870700	1	1020	5887	7433	6616740	1827.15
1030	0.2298714489	7.7962184874	0.0294849932	1	1030	5876	7422	6681610	1843.43
1040	0.2301181276	7.7857142857	0.0295564568	1	1040	5866	7412	6746480	1860.68
1050	0.2304576795	7.7731092437	0.0296480690	1	1050	5854	7400	6811350	1877.81
1060	0.2303249257	7.7626050420	0.0296710865	1	1060	5844	7390	6876220	1895.04
1070	0.2298211965	7.7563025210	0.0296302518	1	1070	5834	7384	6941090	1911.49
1080	0.2301976044	7.7457983193	0.0297190289	1	1080	5824	7374	7005960	1928.47
1090	0.2298789000	7.7363445378	0.0297141497	1	1090	5812	7365	7070830	1944.98
1100	0.2296168015	7.7247899160	0.0297246662	1	1100	5801	7354	7135700	1961.58
1110	0.2298641676	7.7153361345	0.0297931501	1	1110	5791	7345	7200570	1978.78
1120	0.2302782071	7.7048319328	0.0298875055	1	1120	5781	7335	7265440	1996.09
1130	0.2298940492	7.6932773109	0.0298824597	1	1130	5770	7324	7330310	2012.47
1140	0.2299426507	7.6827731092	0.0299296423	1	1140	5760	7314	7395180	2028.76
1150	0.2303756758	7.6722689076	0.0300270596	1	1150	5750	7304	7460050	2046.52
1160	0.2303268288	7.6617647059	0.0300618510	1	1160	5740	7294	7524920	2063.76
1170	0.2304994838	7.6596638655	0.0300926369	1	1170	5730	7292	7589790	2080.72
1180	0.2294555128	7.6523109244	0.0299851267	1	1180	5720	7285	7654660	2097.30
1190	0.2294137990	7.6397058824	0.0300291402	1	1190	5708	7273	7719530	2115.29
1200	0.2301835178	7.6292016807	0.0301713767	1	1200	5698	7263	7784400	2132.49
1210	0.2288899993	7.6186974790	0.0300431931	1	1210	5688	7253	7849270	2148.14
1220	0.2291351070	7.6081932773	0.0301168883	1	1220	5678	7243	7914140	2164.68
1230	0.2292423166	7.5997899160	0.0301642965	1	1230	5668	7235	7979010	2181.83
1240	0.2290971620	7.5913865546	0.0301785662	1	1240	5658	7227	8043880	2198.33
1250	0.2296131933	7.5819327731	0.0302842560	1	1250	5648	7218	8108750	2214.23
1260	0.2303993113	7.5703781513	0.0304343200	1	1260	5637	7207	8173620	2230.84
1270	0.2323007808	7.5598739496	0.0307281288	1	1270	5627	7197	8238490	2246.70
1280	0.2337333681	7.5535714286	0.0309434246	1	1280	5616	7191	8303360	2262.97
1290	0.2342693535	7.5262605042	0.0311269260	1	1290	5606	7165	8368230	2280.50
1300	0.2350591275	7.5178571429	0.0312667723	1	1300	5595	7157	8433100	2297.06
1310	0.2357532746	7.5105042017	0.0313898066	1	1310	5585	7150	8497970	2314.07
1320	0.2362085468	7.5052521008	0.0314724334	1	1320	5575	7145	8562840	2331.17
1330	0.2363007533	7.4989495798	0.0315111804	1	1330	5565	7139	8627710	2349.10
1340	0.2364585172	7.4926470588	0.0315587422	1	1340	5555	7133	8692580	2365.40
1350	0.2361443726	7.4821428571	0.0315610617	1	1350	5545	7123	8757450	2383.71
1360	0.2339033455	7.4737394958	0.0312966950	1	1360	5535	7115	8822320	2400.52
1370	0.2338949141	7.4705882353	0.0313087680	1	1370	5524	7112	8887190	2417.73
1380	0.2344921043	7.4642857143	0.0314152101	1	1380	5514	7106	8952060	2435.51
1390	0.2342130426	7.4569327731	0.0314087641	1	1390	5504	7099	9016930	2452.99
1400	0.2349354431	7.4464285714	0.0315500835	1	1400	5494	7089	9081800	2470.63
1410	0.2338422061	7.4411764706	0.0314254348	1	1410	5484	7084	9146670	2488.06
1420	0.2334058795	7.4369747899	0.0313845194	1	1420	5474	7080	9211540	2504.41
1430	0.2339785391	7.4296218487	0.0314926579	1	1430	5463	7073	9276410	2523.39
1440	0.2344531125	7.4191176471	0.0316012124	1	1440	5453	7063	9341280	2540.26
1450	0.2337044861	7.4180672269	0.0315047679	1	1450	5443	7062	9406150	2557.97
1460	0.2337538502	7.4086134454	0.0315516327	1	1460	5433	7053	9471020	2576.32
1470	0.2331074143	7.4044117647	0.0314822327	1	1470	5421	7049	9535890	2594.65
1480	0.2330348259	7.3960084034	0.0315081884	1	1480	5411	7041	9600760	2614.09
1490	0.2346977590	7.3855042017	0.0317781634	1	1490	5400	7031	9665630	2632.76
1500	0.2341354113	7.3792016807	0.0317290977	1	1500	5390	7025	9730500	2650.91
1510	0.2328177752	7.3718487395	0.0315820066	1	1510	5380	7018	9795370	2668.70
1520	0.2331299973	7.3634453782	0.0316604504	1	1520	5370	7010	9860240	2686.44
